1
67
1
1
1
1
1
1
1
1
1
1
1
1
1
1
1
1
1
1
1
1
1
70
1
1
1
1
1
1
1
1
1
1
1
1
1
1
69
1
1
4
4
4
4
4
4
4
4
4
4
4
4
4
4
4
4
4
4
4
4
4
4
4
4
4
4
4
4
4
4
4
97
97
97
97
97
97
97
97
97
97
97
97
105
105
105
105
105
105
105
105
105
105
105
105
105
105
105
95
95
115
115
115
115
115
97
97
97
97
97
97
97
97
97
97
95
95
95
115
113
105
105
105
105
97
97
97
97
97
95
95
95
95
95
95
95
95
95
4
4
4
4
4
4
4
4
115
115
114
114
114
114
113
105
105
97
97
97
97
97
97
97
97
97
97
97
97
97
95
95
95
95
95
95
95
95
115
115
114
114
114
105
105
105
105
105
105
97
97
97
97
97
97
97
97
96
95
95
95
95
95
95
95
115
115
114
114
114
113
105
97
97
97
97
95
105
115
115
114
114
97
97
97
113
95
95
95
105
95
105
95
97
105
95
95
97
95
95
114
114
115
115
113
115
97
97
97
97
97
97
97
97
97
97
97
97
105
105
105
105
105
105
105
95
95
95
95
95
95
95
95
114
114
114
114
114
114
114
114
114
113
115
115
97
97
97
97
97
105
105
105
105
95
95
95
95
95
95
114
97
97
97
115
115
115
115
113
97
97
97
97
97
97
105
97
97
120
120
120
120
120
120
120
115
115
113
120
105
105
120
105
120
115
115
120
113
105
120
113
115
115
105
105
105
105
105
105
105
105
105
120
120
120
120
120
120
120
113
115
115
105
105
105
105
105
105
120
120
120
120
120
115
115
105
105
105
120
120
120
120
120
120
120
115
115
115
105
105
105
105
105
105
105
105
120
120
120
120
120
120
120
120
120
120
96
3738
