82000000
18000000
99000000
27000000
23000000
7000000
343000
349000
26000000
7000000
1000000
37000000
2000000
1000000
6000000
1000000
1000000
1000000
1000000
1000000
28000
561000
717000
24000
3000000
1000000
4000000
2000000
1000000
1000000
427000
409000
17000000
454000
1000000
22000000
928000
107000
203000
2000000
1000000
850000
15000000
513000
38000
1000000
843000
548000
933000
621000
1000000
1000000
1000000
2000000
882000
3000000
78000
682000
3000000
505000
392000
2000000
180000
1000000
2000000
1000000
762000
960000
2000000
911000
1000000
70000
1000000
1000000
863000
2000000
616000
451000
1000000
904000
4000
42000
191000
916000
1000000
70000
1000000
106000
349000
756000
2000000
797000
1000000
115000
734000
1000000
350000
455000
834000
267000
715000
25000
621000
100000
24000
721000
343000
459000
618000
327000
85000
639000
477000
745000
394000
1000000
445000
141000
320000
1000000
11000
1000000
284000
768000
687000
1000000
25000
304000
30000
162000
412000
236000
706000
1000
814000
368000
497000
1000000
759000
672000
499000
961000
145000
1000000
561000
233000
4000
1000000
537000
